[{"_id": "0737b659-fa34-4085-9d44-711790d377e4-10", "trajectory": [{"gt_labels_3d": 5, "gt_boxes_3d": [16.795422, 3.2744522, 0.13092254999999997, 1.8907682, 0.8627757, 1.6033815, 3.0560488335897933], "gt_names_3d": "cyclist", "frame_idx": 0, "pts_info": {"timestamp": 1688028522975086619}, "ego_pose": [[-0.35199098966099823, -0.9359770635994016, 0.007019943967919535, 329387.65301391395], [0.9359623875162344, -0.3518954737471233, 0.011999362949666066, 3465362.453052827], [-0.008760841990422595, 0.01079407115639863, 0.9999033631684062, 13.486285602537839], [0, 0, 0, 1]]}, {"gt_labels_3d": 5, "gt_boxes_3d": [15.904958, 3.3405209, 0.10782904999999998, 1.8907682, 0.8627757, 1.6033815, 3.052332153589793], "gt_names_3d": "cyclist", "frame_idx": 1, "pts_info": {"timestamp": 1688028523075120713}, "ego_pose": [[-0.35229551895423306, -0.9358606891103615, 0.007255198318947215, 329387.6258440744], [0.9358514643565984, -0.3522016197264185, 0.011664292678858308, 3465362.523499464], [-0.008360860385051683, 0.01089906601351673, 0.9999056487357469, 13.487045594606101], [0, 0, 0, 1]]}, {"gt_labels_3d": 5, "gt_boxes_3d": [15.015156, 3.415294, 0.11219345000000003, 1.8907682, 0.8627757, 1.6033815, 3.0584368835897933], "gt_names_3d": "cyclist", "frame_idx": 2, "pts_info": {"timestamp": 1688028523175112799}, "ego_pose": [[-0.35262375356759307, -0.9357391377973854, 0.0069824361155009585, 329387.5982125106], [0.9357303409588582, -0.3525364100955645, 0.011260930953996013, 3465362.593644242], [-0.00807573085980779, 0.01050454906874473, 0.9999122146568378, 13.487732773651622], [0, 0, 0, 1]]}, {"gt_labels_3d": 5, "gt_boxes_3d": [14.125226, 3.4884324, 0.09619014999999997, 1.8907682, 0.8627757, 1.6033815, 3.040405723589793], "gt_names_3d": "cyclist", "frame_idx": 3, "pts_info": {"timestamp": 1688028523275105817}, "ego_pose": [[-0.35252080410744835, -0.9357815465047918, 0.006479189188318089, 329387.5701747075], [0.9357683451424319, -0.35243851373856394, 0.011166837652023878, 3465362.66439459], [-0.008166204799817046, 0.009999562733045943, 0.9999166574491674, 13.488896059895911], [0, 0, 0, 1]]}, {"gt_labels_3d": 5, "gt_boxes_3d": [13.236181, 3.5731769, 0.08600640999999998, 1.8907682, 0.8627757, 1.6033815, 3.052615913589793], "gt_names_3d": "cyclist", "frame_idx": 4, "pts_info": {"timestamp": 1688028523375103656}, "ego_pose": [[-0.3526397035396082, -0.9357356423347694, 0.006636802832226451, 329387.5427464306], [0.935723956243091, -0.35255602498057054, 0.011177073081866145, 3465362.735833343], [-0.00811894083457313, 0.010151695141006098, 0.9999155093734113, 13.49024549252822], [0, 0, 0, 1]]}, {"gt_labels_3d": 5, "gt_boxes_3d": [12.370495, 3.6426268, 0.08309674999999994, 1.8907682, 0.8627757, 1.6033815, 3.052615913589793], "gt_names_3d": "cyclist", "frame_idx": 5, "pts_info": {"timestamp": 1688028523475096601}, "ego_pose": [[-0.3526965699562727, -0.9357094718364204, 0.007274191136236609, 329387.5159960339], [0.9357042000033263, -0.3526074448607243, 0.011208921666498504, 3465362.8075584727], [-0.007923360222438208, 0.010759839422486138, 0.9999107191236563, 13.491576318800064], [0, 0, 0, 1]]}, {"gt_labels_3d": 5, "gt_boxes_3d": [11.504808, 3.7120767, 0.08018705000000004, 1.8907682, 0.8627757, 1.6033815, 3.052615913589793], "gt_names_3d": "cyclist", "frame_idx": 6, "pts_info": {"timestamp": 1688028523575095888}, "ego_pose": [[-0.3527260633713725, -0.9356916583219697, 0.008089793892145654, 329387.48731529166], [0.9356904384708158, -0.35262320284667253, 0.011843992926691558, 3465362.8779020924], [-0.008229676350111851, 0.011747227793710586, 0.99989713224228, 13.491107140345582], [0, 0, 0, 1]]}, {"gt_labels_3d": 5, "gt_boxes_3d": [10.639122, 3.7815266, 0.07727735000000002, 1.8907682, 0.8627757, 1.6033815, 3.052615903589793], "gt_names_3d": "cyclist", "frame_idx": 7, "pts_info": {"timestamp": 1688028523675080815}, "ego_pose": [[-0.35230606223394323, -0.9358463659300689, 0.008486335410340854, 329387.45865100145], [0.9358428510096781, -0.3521898743940278, 0.012666909188772267, 3465362.9484113893], [-0.008865479529645186, 0.01240450522200908, 0.999883759005469, 13.49060861521507], [0, 0, 0, 1]]}, {"gt_labels_3d": 5, "gt_boxes_3d": [9.773436, 3.8509765, 0.07436765000000001, 1.8907682, 0.8627757, 1.6033815, 3.052615903589793], "gt_names_3d": "cyclist", "frame_idx": 8, "pts_info": {"timestamp": 1688028523775081923}, "ego_pose": [[-0.35243632894125254, -0.9357963001849304, 0.008597592838025109, 329387.4298531733], [0.9357926328297105, -0.35231696743678664, 0.012841448430162614, 3465363.0181080285], [-0.008987902094012516, 0.012571356980908303, 0.9998805821694943, 13.490347211417788], [0, 0, 0, 1]]}, {"gt_labels_3d": 5, "gt_boxes_3d": [8.907749, 3.9204264, 0.07145798999999997, 1.8907682, 0.8627757, 1.6033815, 3.052615903589793], "gt_names_3d": "cyclist", "frame_idx": 9, "pts_info": {"timestamp": 1688028523875066735}, "ego_pose": [[-0.35198271037155937, -0.9359722940189638, 0.008002276449216288, 329387.40121532284], [0.9359523077657684, -0.3518574694134231, 0.013769488222679592, 3465363.0873267488], [-0.010072198738280642, 0.01233637089507167, 0.9998731743404841, 13.490486264299012], [0, 0, 0, 1]]}, {"gt_labels_3d": 5, "gt_boxes_3d": [8.064228, 3.9809165, 0.062146950000000034, 1.8907682, 0.8627757, 1.6033815, 3.052615903589793], "gt_names_3d": "cyclist", "frame_idx": 10, "pts_info": {"timestamp": 1688028523975067843}, "ego_pose": [[-0.3522353092621321, -0.9358774427087431, 0.007981173970873454, 329387.3727481988], [0.9358558235277858, -0.35210856345785235, 0.013908166981210697, 3465363.156313682], [-0.010206100045550193, 0.012368175637126428, 0.9998714236106907, 13.490454339604627], [0, 0, 0, 1]]}, {"gt_labels_3d": 5, "gt_boxes_3d": [7.220358, 4.0314064, 0.052835949999999965, 1.8907682, 0.8627757, 1.6033815, 3.079661326589793], "gt_names_3d": "cyclist", "frame_idx": 11, "pts_info": {"timestamp": 1688028524075142777}, "ego_pose": [[-0.3522211448362499, -0.9358876517675861, 0.007387042655544399, 329387.34428998997], [0.9358559718375111, -0.35209729112494415, 0.014180887085927315, 3465363.2249575537], [-0.010670759406388208, 0.011908016267608562, 0.9998721588494508, 13.490928786134784], [0, 0, 0, 1]]}, {"gt_labels_3d": 5, "gt_boxes_3d": [6.3757486, 4.0857744, 0.04352495000000001, 1.8907682, 0.8627757, 1.6033815, 3.052615903589793], "gt_names_3d": "cyclist", "frame_idx": 12, "pts_info": {"timestamp": 1688028524175145783}, "ego_pose": [[-0.3523597794176447, -0.9358365871134112, 0.0072434845669193905, 329387.3162436947], [0.9358074074899686, -0.35224210356674396, 0.013783924034128594, 3465363.2927298793], [-0.010348040184124496, 0.011635406945937557, 0.9998787603352468, 13.491362320682295], [0, 0, 0, 1]]}, {"gt_labels_3d": 5, "gt_boxes_3d": [5.5317106, 4.140468, 0.03421390999999996, 1.8907682, 0.8627757, 1.6033815, 3.052615903589793], "gt_names_3d": "cyclist", "frame_idx": 13, "pts_info": {"timestamp": 1688028524275139795}, "ego_pose": [[-0.3526879652207759, -0.9357102982955571, 0.007578710448886098, 329387.2892112191], [0.935688289157958, -0.3525705789161066, 0.013468942624232589, 3465363.360489011], [-0.009930997990245105, 0.011841644581757743, 0.9998805682342851, 13.49176018799411], [0, 0, 0, 1]]}, {"gt_labels_3d": 5, "gt_boxes_3d": [4.6876616, 4.1950283, 0.0333987, 1.8907682, 0.8627757, 1.6033815, 3.052615903589793], "gt_names_3d": "cyclist", "frame_idx": 14, "pts_info": {"timestamp": 1688028524375126737}, "ego_pose": [[-0.35224523723577006, -0.9358706584264319, 0.008330878776741586, 329387.26230677677], [0.9358524186468588, -0.3521136825390745, 0.01400732242780411, 3465363.428462815], [-0.01017562565843526, 0.01273048566428718, 0.9998671868689415, 13.492081128089119], [0, 0, 0, 1]]}, {"gt_labels_3d": 5, "gt_boxes_3d": [3.913077, 4.247251, 0.014427909999999988, 1.8907682, 0.8627757, 1.6033815, 3.052615903589793], "gt_names_3d": "cyclist", "frame_idx": 15, "pts_info": {"timestamp": 1688028524475133964}, "ego_pose": [[-0.3525795517665711, -0.9357446231582797, 0.008346251041842539, 329387.23506593995], [0.9357332347466177, -0.3524563065091142, 0.013336618483896116, 3465363.4965143437], [-0.009537980222013447, 0.012512083452524504, 0.9998762296909363, 13.492283341067992], [0, 0, 0, 1]]}, {"gt_labels_3d": 5, "gt_boxes_3d": [3.1343136, 4.2526317, 0.00686264999999997, 1.8907682, 0.8627757, 1.6033815, 3.052615903589793], "gt_names_3d": "cyclist", "frame_idx": 16, "pts_info": {"timestamp": 1688028524575123710}, "ego_pose": [[-0.35210236918815646, -0.9359266372490522, 0.008077827663894586, 329387.20724044065], [0.9359159335007436, -0.3519869590974321, 0.012905271975962971, 3465363.564965145], [-0.009235097807720088, 0.01210414445646612, 0.9998840946106995, 13.492125841709331], [0, 0, 0, 1]]}, {"gt_labels_3d": 5, "gt_boxes_3d": [2.3595903, 4.303293, -0.0007025499999999685, 1.8907682, 0.8627757, 1.6033815, 3.052615903589793], "gt_names_3d": "cyclist", "frame_idx": 17, "pts_info": {"timestamp": 1688028524675120878}, "ego_pose": [[-0.3520041921083519, -0.9359716538882392, 0.0070789727969867485, 329387.1800270518], [0.9359512256453271, -0.3519004253824958, 0.012704087083635945, 3465363.6336659016], [-0.009399571860280202, 0.011097465175999095, 0.9998942415653322, 13.491195311377318], [0, 0, 0, 1]]}, {"gt_labels_3d": 5, "gt_boxes_3d": [1.5832286, 4.3355947, -0.008267809999999987, 1.8907682, 0.8627757, 1.6033815, 3.052615903589793], "gt_names_3d": "cyclist", "frame_idx": 18, "pts_info": {"timestamp": 1688028524775116853}, "ego_pose": [[-0.35210552457058364, -0.9359369128757049, 0.006617755175981911, 329387.1530175323], [0.935915358920024, -0.35201051909525727, 0.012289645393178167, 3465363.7026293585], [-0.009172813334885585, 0.010520910748725411, 0.9999025802209636, 13.490002191096831], [0, 0, 0, 1]]}, {"gt_labels_3d": 5, "gt_boxes_3d": [0.8089015, 4.3877935, -0.015833010000000036, 1.8907682, 0.8627757, 1.6033815, 3.052615903589793], "gt_names_3d": "cyclist", "frame_idx": 19, "pts_info": {"timestamp": 1688028524875110867}, "ego_pose": [[-0.3519696617003495, -0.93598836675762, 0.006567688858757573, 329387.1266369889], [0.935958801493947, -0.3518668243752413, 0.013071335436679795, 3465363.7723580943], [-0.009923666084503235, 0.010747799704447862, 0.9998929971016685, 13.488049612812755], [0, 0, 0, 1]]}, {"gt_labels_3d": 5, "gt_boxes_3d": [0.044701576, 4.4058146, -0.023163550000000033, 1.8907682, 0.8627757, 1.6033815, 3.072375743589793], "gt_names_3d": "cyclist", "frame_idx": 20, "pts_info": {"timestamp": 1688028524975122604}, "ego_pose": [[-0.35222164709041437, -0.93589013735634, 0.007040036935023815, 329387.1005015423], [0.9358589099699943, -0.35210643721414125, 0.013753454189333422, 3465363.841916147], [-0.010392879807332191, 0.011432745579909465, 0.999880633064675, 13.486116752032036], [0, 0, 0, 1]]}, {"gt_labels_3d": 5, "gt_boxes_3d": [-0.71949834, 4.4238358, -0.03049409000000003, 1.8907682, 0.8627757, 1.6033815, 3.092135587589793], "gt_names_3d": "cyclist", "frame_idx": 21, "pts_info": {"timestamp": 1688028525075147988}, "ego_pose": [[-0.3522610360776952, -0.93587092434846, 0.007601014447260711, 329387.07426035433], [0.9358445312196233, -0.3521380292671934, 0.013921987291354397, 3465363.9106851593], [-0.010352576867237503, 0.012017541469703292, 0.9998741935109795, 13.48339083800392], [0, 0, 0, 1]]}, {"gt_labels_3d": 5, "gt_boxes_3d": [-1.4836981, 4.4418564, -0.03782454999999996, 1.8907682, 0.8627757, 1.6033815, 3.111895429589793], "gt_names_3d": "cyclist", "frame_idx": 22, "pts_info": {"timestamp": 1688028525175139935}, "ego_pose": [[-0.35239294945077826, -0.9358177645771195, 0.008020017410461953, 329387.0479861807], [0.9357934531674938, -0.3522619519783854, 0.014217249988494135, 3465363.9790622755], [-0.010479608114756695, 0.012515138443524105, 0.9998667656860591, 13.480383130488791], [0, 0, 0, 1]]}, {"gt_labels_3d": 5, "gt_boxes_3d": [-2.247898, 4.4598775, -0.045155100000000004, 1.8907682, 0.8627757, 1.6033815, 3.131655270589793], "gt_names_3d": "cyclist", "frame_idx": 23, "pts_info": {"timestamp": 1688028525275128900}, "ego_pose": [[-0.35265669602857697, -0.9357174142323936, 0.008134829343704936, 329387.0217440994], [0.9356961220515174, -0.3525263615391151, 0.014068816501228345, 3465364.0469739586], [-0.010296694807561488, 0.01257319061481111, 0.9998679377566839, 13.476727623987532], [0, 0, 0, 1]]}, {"gt_labels_3d": 5, "gt_boxes_3d": [-3.012098, 4.4778986, -0.05248565000000005, 1.8907682, 0.8627757, 1.6033815, 3.151415111589793], "gt_names_3d": "cyclist", "frame_idx": 24, "pts_info": {"timestamp": 1688028525375131005}, "ego_pose": [[-0.3523708866116015, -0.9358263257121416, 0.00799039252265184, 329386.9957199672], [0.9358075545018879, -0.3522473671810841, 0.013638667500538413, 3465364.1142600635], [-0.009948829365790933, 0.012283339045498543, 0.9998750623833677, 13.473258079604474], [0, 0, 0, 1]]}, {"gt_labels_3d": 5, "gt_boxes_3d": [-3.7144594, 4.469458, -0.05248565000000005, 1.8907682, 0.8627757, 1.6033815, 3.151415111589793], "gt_names_3d": "cyclist", "frame_idx": 25, "pts_info": {"timestamp": 1688028525475077978}, "ego_pose": [[-0.3476122150702861, -0.9376122494705077, 0.007001255371987064, 329386.9702324637], [0.9375848454549938, -0.3475028783060186, 0.01328183504520631, 3465364.181567137], [-0.010020254840311129, 0.011181199036197756, 0.9998872812877702, 13.469638359561042], [0, 0, 0, 1]]}, {"gt_labels_3d": 5, "gt_boxes_3d": [-4.4168205, 4.461017, -0.05248565000000005, 1.8907682, 0.8627757, 1.6033815, 3.151415111589793], "gt_names_3d": "cyclist", "frame_idx": 26, "pts_info": {"timestamp": 1688028525575087673}, "ego_pose": [[-0.34764906514189325, -0.937573188560726, 0.009830747583004847, 329386.94653031183], [0.937572413573521, -0.34749980775894435, 0.014207494973405245, 3465364.253257628], [-0.009904383468455152, 0.014156260084142393, 0.9998507406050865, 13.471708008405853], [0, 0, 0, 1]]}, {"gt_labels_3d": 5, "gt_boxes_3d": [-5.1190834, 4.4425764, -0.05248565000000005, 1.8907682, 0.8627757, 1.6033815, 3.1514151085897932], "gt_names_3d": "cyclist", "frame_idx": 27, "pts_info": {"timestamp": 1688028525675083829}, "ego_pose": [[-0.34754552154464985, -0.9375996291559573, 0.010910813941619753, 329386.9210937191], [0.9376104027305555, -0.3473790789023496, 0.014646099562710267, 3465364.3243111013], [-0.00994198902146359, 0.015320278965037265, 0.9998332090437538, 13.473324551977331], [0, 0, 0, 1]]}, {"gt_labels_3d": 5, "gt_boxes_3d": [-5.821445, 4.434136, -0.08248560999999999, 1.8907682, 0.8627757, 1.6033815, 3.1514151085897932], "gt_names_3d": "cyclist", "frame_idx": 28, "pts_info": {"timestamp": 1688028525775079750}, "ego_pose": [[-0.3475791198052483, -0.9375927757770395, 0.010418362928767987, 329386.8938730956], [0.9375997608139115, -0.3474230289170768, 0.014280318616208732, 3465364.394541216], [-0.009769544365281713, 0.014731795165245717, 0.9998437529004742, 13.475113088145712], [0, 0, 0, 1]]}, {"gt_labels_3d": 5, "gt_boxes_3d": [-7.426525, 4.3708696, -0.07244634999999999, 1.8907682, 0.8627757, 1.6033815, 3.1915814295897933], "gt_names_3d": "cyclist", "frame_idx": 30, "pts_info": {"timestamp": 1688028525975060578}, "ego_pose": [[-0.34788732586708787, -0.9374983157357616, 0.008444909333838027, 329386.8383418829], [0.9374874941658303, -0.3477631277923852, 0.013341860092550749, 3465364.535404222], [-0.00957114328168988, 0.012558460919527743, 0.9998753313666728, 13.478083605500435], [0, 0, 0, 1]]}, {"gt_labels_3d": 5, "gt_boxes_3d": [-8.299087, 4.303041, -0.08722335000000003, 1.8907682, 0.8627757, 1.6033815, 3.2080685135897933], "gt_names_3d": "cyclist", "frame_idx": 31, "pts_info": {"timestamp": 1688028526075128695}, "ego_pose": [[-0.34780745887119163, -0.9375362933637692, 0.007461245156717022, 329386.8104576188], [0.937521875239546, -0.3477028910282142, 0.012467277888414086, 3465364.6068975218], [-0.009094228988179052, 0.011331292792357622, 0.9998944428302241, 13.478851469131119], [0, 0, 0, 1]]}, {"gt_labels_3d": 5, "gt_boxes_3d": [-9.024879, 4.2756095, -0.10200034999999996, 1.8907682, 0.8627757, 1.6033815, 3.209579803589793], "gt_names_3d": "cyclist", "frame_idx": 32, "pts_info": {"timestamp": 1688028526175131703}, "ego_pose": [[-0.34804441143811354, -0.9374513164495731, 0.007079332854139745, 329386.78295627027], [0.9374325214255465, -0.34794316744324155, 0.01248278828255287, 3465364.679363312], [-0.009238800811786105, 0.010980961548374623, 0.9998970262197171, 13.479821043298717], [0, 0, 0, 1]]}, {"gt_labels_3d": 5, "gt_boxes_3d": [-9.712006, 4.2265925, -0.11677745000000006, 1.8907682, 0.8627757, 1.6033815, 3.244120659589793], "gt_names_3d": "cyclist", "frame_idx": 33, "pts_info": {"timestamp": 1688028526275132867}, "ego_pose": [[-0.34772773762289233, -0.9375598375526235, 0.008183611425469394, 329386.7563235848], [0.9375537459468548, -0.3476165632242242, 0.01247791782306017, 3465364.7519098977], [-0.008854035728699113, 0.012011493682179391, 0.9998886588369916, 13.481421934884814], [0, 0, 0, 1]]}, {"gt_labels_3d": 5, "gt_boxes_3d": [-10.511534, 4.1456923, -0.09353929000000005, 1.8907682, 0.8627757, 1.6033815, 3.244120659589793], "gt_names_3d": "cyclist", "frame_idx": 34, "pts_info": {"timestamp": 1688028526375132699}, "ego_pose": [[-0.3463903279878453, -0.9380568306676597, 0.007945005614773761, 329386.7296995087], [0.9380473017930294, -0.3462807084928403, 0.012527191405650019, 3465364.8240733873], [-0.009000015293887748, 0.011792089019438621, 0.9998899671270173, 13.482398931726246], [0, 0, 0, 1]]}, {"gt_labels_3d": 5, "gt_boxes_3d": [-11.231101, 4.0009604, -0.07774945, 1.8907682, 0.8627757, 1.6033815, 3.247827747589793], "gt_names_3d": "cyclist", "frame_idx": 35, "pts_info": {"timestamp": 1688028526475103851}, "ego_pose": [[-0.3379606479531943, -0.9411533437825392, 0.0036033209686261833, 329386.70182661305], [0.941118076572699, -0.33790678959914794, 0.01075953023608324, 3465364.8955548555], [-0.008908781238815309, 0.007027448309526223, 0.999935622221299, 13.483240043658139], [0, 0, 0, 1]]}, {"gt_labels_3d": 5, "gt_boxes_3d": [-11.972316, 3.95357, -0.09985525000000006, 1.8907682, 0.8627757, 1.6033815, 3.249994923589793], "gt_names_3d": "cyclist", "frame_idx": 36, "pts_info": {"timestamp": 1688028526575144779}, "ego_pose": [[-0.33839636903929593, -0.9409601916591227, 0.009045171852832557, 329386.67979765264], [0.9409567204618509, -0.33826784113685826, 0.013240765472097828, 3465364.9696969977], [-0.009399342460969124, 0.012991742201713952, 0.9998714252321972, 13.484008848694419], [0, 0, 0, 1]]}, {"gt_labels_3d": 5, "gt_boxes_3d": [-12.692505, 3.9222827, -0.11564510000000006, 1.8907682, 0.8627757, 1.6033815, 3.2476916235897932], "gt_names_3d": "cyclist", "frame_idx": 37, "pts_info": {"timestamp": 1688028526675113975}, "ego_pose": [[-0.33918032666507336, -0.9406596963397771, 0.01077226463343436, 329386.65559889644], [0.9406711852252692, -0.33902170695361644, 0.014212793572821245, 3465365.042432716], [-0.009717370542566977, 0.014953858907145715, 0.9998409647606582, 13.484437548688756], [0, 0, 0, 1]]}, {"gt_labels_3d": 5, "gt_boxes_3d": [-13.423376, 3.8818955, -0.12722330999999998, 1.8907682, 0.8627757, 1.6033815, 3.2479582635897932], "gt_names_3d": "cyclist", "frame_idx": 38, "pts_info": {"timestamp": 1688028526775098735}, "ego_pose": [[-0.33757027204385764, -0.9412347588391199, 0.011110363868899065, 329386.6286548977], [0.9412455274188496, -0.3373997411127719, 0.01477402487630639, 3465365.113347496], [-0.010157191848498167, 0.015444851896274701, 0.9998291294034469, 13.485034609016303], [0, 0, 0, 1]]}, {"gt_labels_3d": 5, "gt_boxes_3d": [-14.155368, 3.8491685, -0.12511908000000005, 1.8907682, 0.8627757, 1.6033815, 3.252631433589793], "gt_names_3d": "cyclist", "frame_idx": 39, "pts_info": {"timestamp": 1688028526875107711}, "ego_pose": [[-0.3388365816685686, -0.940805262181237, 0.008673498443719427, 329386.6004278661], [0.940787636535335, -0.3386994234252299, 0.014188851739118762, 3465365.184008197], [-0.010411237458504929, 0.012967622122444834, 0.9998617138940122, 13.485598442272165], [0, 0, 0, 1]]}, {"gt_labels_3d": 5, "gt_boxes_3d": [-14.863068, 3.8407626, -0.12701384999999998, 1.8907682, 0.8627757, 1.6033815, 3.236066653589793], "gt_names_3d": "cyclist", "frame_idx": 40, "pts_info": {"timestamp": 1688028526975089730}, "ego_pose": [[-0.33833592126283163, -0.9410000739337794, 0.006904001727473848, 329386.5719647741], [0.9409717606618087, -0.33822919603294954, 0.013158897671175541, 3465365.2547209], [-0.010047388727769644, 0.010948598427493742, 0.9998895829901553, 13.486402796740174], [0, 0, 0, 1]]}, {"gt_labels_3d": 5, "gt_boxes_3d": [-15.567757, 3.7881064, -0.12890864999999996, 1.8907682, 0.8627757, 1.6033815, 3.209477233589793], "gt_names_3d": "cyclist", "frame_idx": 41, "pts_info": {"timestamp": 1688028527075162886}, "ego_pose": [[-0.33875376975622673, -0.9408585877568487, 0.005567882913054165, 329386.5448816456], [0.9408195038101081, -0.338663525199176, 0.012871594701866352, 3465365.326039844], [-0.010224711558145331, 0.009598674067563902, 0.9999016555290312, 13.487949291022844], [0, 0, 0, 1]]}, {"gt_labels_3d": 5, "gt_boxes_3d": [-16.277239, 3.794359, -0.13080345000000004, 1.8907682, 0.8627757, 1.6033815, 3.182887787589793], "gt_names_3d": "cyclist", "frame_idx": 42, "pts_info": {"timestamp": 1688028527175152894}, "ego_pose": [[-0.3386984037670757, -0.940876802808578, 0.005850916367827339, 329386.518898787], [0.940839873781479, -0.3386047033171211, 0.012930073254819126, 3465365.39777047], [-0.010184458183213459, 0.009884170589011256, 0.9998992849198771, 13.489463467856371], [0, 0, 0, 1]]}, {"gt_labels_3d": 5, "gt_boxes_3d": [-16.985718, 3.7858682, -0.13269825000000002, 1.8907682, 0.8627757, 1.6033815, 3.1562983565897933], "gt_names_3d": "cyclist", "frame_idx": 43, "pts_info": {"timestamp": 1688028527275140746}, "ego_pose": [[-0.33906696163861516, -0.9407383378406516, 0.006706358323642613, 329386.4927772888], [0.9407143508390462, -0.33896915714268505, 0.012506823395613676, 3465365.469663009], [-0.009492399624394222, 0.010549418125420975, 0.9998992969927448, 13.49122605245623], [0, 0, 0, 1]]}, {"gt_labels_3d": 5, "gt_boxes_3d": [-17.693848, 3.8069293, -0.13459299999999996, 1.8907682, 0.8627757, 1.6033815, 3.1297089165897933], "gt_names_3d": "cyclist", "frame_idx": 44, "pts_info": {"timestamp": 1688028527375131814}, "ego_pose": [[-0.3386602343685255, -0.9408850058164342, 0.00668217683574436, 329386.4658549648], [0.9408579316874301, -0.33855961068753154, 0.012796186617829775, 3465365.5418712413], [-0.009777424932290089, 0.010620538635865717, 0.9998957976313219, 13.492591277037508], [0, 0, 0, 1]]}, {"gt_labels_3d": 5, "gt_boxes_3d": [-18.408073, 3.807987, -0.15568594999999996, 1.8907682, 0.8627757, 1.6033815, 3.129436131589793], "gt_names_3d": "cyclist", "frame_idx": 45, "pts_info": {"timestamp": 1688028527475128814}, "ego_pose": [[-0.33874813091643086, -0.9408564866891957, 0.006226978038181685, 329386.4382455569], [0.9408251762596282, -0.33865249582306634, 0.012746559882870344, 3465365.6146986354], [-0.009883901894705189, 0.010176371046273804, 0.9998993699146252, 13.493715169484393], [0, 0, 0, 1]]}, {"gt_labels_3d": 5, "gt_boxes_3d": [-19.121414, 3.8829238, -0.1472249, 1.8907682, 0.8627757, 1.6033815, 3.129216730589793], "gt_names_3d": "cyclist", "frame_idx": 46, "pts_info": {"timestamp": 1688028527575114793}, "ego_pose": [[-0.33860344029591766, -0.9409102418641274, 0.005968833634721738, 329386.4117664194], [0.9408772505831028, -0.338511301241811, 0.012652994379111503, 3465365.6867533447], [-0.009884814360969704, 0.009900287206236997, 0.999902132590127, 13.490368798482752], [0, 0, 0, 1]]}, {"gt_labels_3d": 5, "gt_boxes_3d": [-19.835085, 3.928309, -0.16831790999999996, 1.8907682, 0.8627757, 1.6033815, 3.130058177589793], "gt_names_3d": "cyclist", "frame_idx": 47, "pts_info": {"timestamp": 1688028527675106655}, "ego_pose": [[-0.3385812915954933, -0.9409088701291738, 0.007294319280737153, 329386.38665466127], [0.9408895303037134, -0.3384759986786278, 0.01268424547868083, 3465365.759332828], [-0.009465767078558382, 0.01115779685902415, 0.9998929456811201, 13.487062306199963], [0, 0, 0, 1]]}, {"gt_labels_3d": 5, "gt_boxes_3d": [-20.549137, 3.9736996, -0.17463384999999998, 1.8907682, 0.8627757, 1.6033815, 3.121893126589793], "gt_names_3d": "cyclist", "frame_idx": 48, "pts_info": {"timestamp": 1688028527775094666}, "ego_pose": [[-0.3383220140619111, -0.9409967330744842, 0.007960096999412221, 329386.3613510622], [0.9409766635216692, -0.3382001928615114, 0.01354799823087568, 3465365.831942644], [-0.010056515734555354, 0.01207385156379283, 0.9998765366782523, 13.483865307422906], [0, 0, 0, 1]]}, {"gt_labels_3d": 5, "gt_boxes_3d": [-21.26317, 4.0043116, -0.18094980000000005, 1.8907682, 0.8627757, 1.6033815, 3.073818233589793], "gt_names_3d": "cyclist", "frame_idx": 49, "pts_info": {"timestamp": 1688028527875088595}, "ego_pose": [[-0.3379486935942627, -0.941130613991219, 0.00799048849830424, 329386.3352203934], [0.9411077825257899, -0.33782290259560754, 0.013850204015411299, 3465365.9035104183], [-0.010335480991273729, 0.012200569264959198, 0.999872153798819, 13.480762072168996], [0, 0, 0, 1]]}, {"gt_labels_3d": 5, "gt_boxes_3d": [-21.992182, 4.0980444, -0.18390514999999996, 1.8907682, 0.8627757, 1.6033815, 3.075145633589793], "gt_names_3d": "cyclist", "frame_idx": 50, "pts_info": {"timestamp": 1688028527975085806}, "ego_pose": [[-0.3378388286946131, -0.9411763987303963, 0.0072050190238132404, 329386.3086936652], [0.9411434102554863, -0.33772034768718273, 0.0139301145264919, 3465365.974334607], [-0.010677413494130655, 0.01148708975023909, 0.9998770122420781, 13.47745749080812], [0, 0, 0, 1]]}, {"gt_labels_3d": 5, "gt_boxes_3d": [-22.721191, 4.1917777, -0.18686060999999998, 1.8907682, 0.8627757, 1.6033815, 3.076473033589793], "gt_names_3d": "cyclist", "frame_idx": 51, "pts_info": {"timestamp": 1688028528075142816}, "ego_pose": [[-0.33799001820799096, -0.9411265519633705, 0.0066000591891134325, 329386.2822953881], [0.9410893636883138, -0.33788063822055353, 0.013692474882093466, 3465366.0442813337], [-0.010656319462518604, 0.010839165337299195, 0.9998844710016772, 13.475166505810993], [0, 0, 0, 1]]}, {"gt_labels_3d": 5, "gt_boxes_3d": [-23.450203, 4.2855105, -0.18981599000000005, 1.8907682, 0.8627757, 1.6033815, 3.0778004395897933], "gt_names_3d": "cyclist", "frame_idx": 52, "pts_info": {"timestamp": 1688028528175134815}, "ego_pose": [[-0.3384710160709099, -0.9409544636537056, 0.0064860319220004965, 329386.25604994653], [0.9409166659241163, -0.338363402344783, 0.013639491922640265, 3465366.1143551], [-0.01063950497773206, 0.010719388220873113, 0.9998859413203084, 13.47306471135904], [0, 0, 0, 1]]}, {"gt_labels_3d": 5, "gt_boxes_3d": [-24.179213, 4.379244, -0.19277144999999996, 1.8907682, 0.8627757, 1.6033815, 3.079127846589793], "gt_names_3d": "cyclist", "frame_idx": 53, "pts_info": {"timestamp": 1688028528275120681}, "ego_pose": [[-0.3383636585323545, -0.9409923083244108, 0.006596230658285784, 329386.2291705094], [0.9409579200770452, -0.3382571735262828, 0.013426734610147905, 3465366.184146719], [-0.010403231655663172, 0.01074989452540166, 0.9998881000086017, 13.471777887534213], [0, 0, 0, 1]]}, {"gt_labels_3d": 5, "gt_boxes_3d": [-24.908224, 4.4729767, -0.19572679999999998, 1.8907682, 0.8627757, 1.6033815, 3.080455249589793], "gt_names_3d": "cyclist", "frame_idx": 54, "pts_info": {"timestamp": 1688028528375117806}, "ego_pose": [[-0.33844045861564515, -0.9409643389353041, 0.006645962991007535, 329386.2024104823], [0.9409342149134069, -0.3383373635600209, 0.013062604049143509, 3465366.253756871], [-0.010042866987180987, 0.010674327674393946, 0.9998925940076651, 13.470955331391574], [0, 0, 0, 1]]}, {"gt_labels_3d": 5, "gt_boxes_3d": [-25.635452, 4.5260444, -0.19572679999999998, 1.8907682, 0.8627757, 1.6033815, 3.0889017235897933], "gt_names_3d": "cyclist", "frame_idx": 55, "pts_info": {"timestamp": 1688028528475111635}, "ego_pose": [[-0.33822465683400016, -0.9410417165808976, 0.0066760140803024575, 329386.17561945476], [0.9410133553078582, -0.33812283651614816, 0.01291559361859656, 3465366.323513442], [-0.009896799572051786, 0.010650590629245145, 0.99989430355287, 13.470478446325126], [0, 0, 0, 1]]}, {"gt_labels_3d": 5, "gt_boxes_3d": [-26.362679, 4.5791116, -0.19572679999999998, 1.8907682, 0.8627757, 1.6033815, 3.097348200589793], "gt_names_3d": "cyclist", "frame_idx": 56, "pts_info": {"timestamp": 1688028528575106939}, "ego_pose": [[-0.3383219092473817, -0.9410071486103778, 0.006620573039525061, 329386.148934665], [0.9409760546667946, -0.33821834770471426, 0.013130644295148854, 3465366.3935833704], [-0.010116830873308606, 0.010672185345948645, 0.9998918712505975, 13.470181924479476], [0, 0, 0, 1]]}, {"gt_labels_3d": 5, "gt_boxes_3d": [-27.089907, 4.6321793, -0.19572679999999998, 1.8907682, 0.8627757, 1.6033815, 3.105794677589793], "gt_names_3d": "cyclist", "frame_idx": 57, "pts_info": {"timestamp": 1688028528675100883}, "ego_pose": [[-0.33792292663319834, -0.9411484697448709, 0.00690315525989749, 329386.12169623154], [0.9411235772213216, -0.337820049795024, 0.012807277409008671, 3465366.463265038], [-0.009721525281445213, 0.010824594836564361, 0.9998941544447726, 13.470336819040927], [0, 0, 0, 1]]}, {"gt_labels_3d": 5, "gt_boxes_3d": [-27.817133, 4.6852465, -0.19572679999999998, 1.8907682, 0.8627757, 1.6033815, 3.114241151589793], "gt_names_3d": "cyclist", "frame_idx": 58, "pts_info": {"timestamp": 1688028528775101891}, "ego_pose": [[-0.3383442150580482, -0.9409994551001286, 0.006574012322326758, 329386.09446412907], [0.9409756942559193, -0.33824954293223336, 0.012328403210706088, 3465366.533127647], [-0.00937736404027121, 0.010357229716293862, 0.9999023916544354, 13.470427483706334], [0, 0, 0, 1]]}, {"gt_labels_3d": 5, "gt_boxes_3d": [-28.544361, 4.738314, -0.19572679999999998, 1.8907682, 0.8627757, 1.6033815, 3.122687628589793], "gt_names_3d": "cyclist", "frame_idx": 59, "pts_info": {"timestamp": 1688028528875086703}, "ego_pose": [[-0.33796334102491915, -0.9411341977596187, 0.006870366120741461, 329386.0671554029], [0.9411135182856732, -0.3378659244110355, 0.012327320140166674, 3465366.604211585], [-0.009280399950215179, 0.010631976732256193, 0.9999004126649458, 13.470854513505785], [0, 0, 0, 1]]}, {"gt_labels_3d": 5, "gt_boxes_3d": [-29.306904, 4.7603807, -0.20014794999999996, 1.8907682, 0.8627757, 1.6033815, 3.1226876305897933], "gt_names_3d": "cyclist", "frame_idx": 60, "pts_info": {"timestamp": 1688028528975085666}, "ego_pose": [[-0.3379386700822826, -0.9411379037382209, 0.007543302343528349, 329386.0400107545], [0.9411293896249339, -0.33784118170809996, 0.01178167756621863, 3465366.6759792916], [-0.008539745149471527, 0.011080707978387354, 0.9999021405435035, 13.471158708781738], [0, 0, 0, 1]]}, {"gt_labels_3d": 5, "gt_boxes_3d": [-30.069448, 4.7824473, -0.20456914999999998, 1.8907682, 0.8627757, 1.6033815, 3.1226876305897933], "gt_names_3d": "cyclist", "frame_idx": 61, "pts_info": {"timestamp": 1688028529075136855}, "ego_pose": [[-0.33760803754503604, -0.9412525474098515, 0.00802838585608405, 329386.01258565683], [0.9412465131788074, -0.337502416570776, 0.012129313155456442, 3465366.747964096], [-0.008707147278314196, 0.011651643804676006, 0.99989420679536, 13.47153356452172], [0, 0, 0, 1]]}, {"gt_labels_3d": 5, "gt_boxes_3d": [-30.831991, 4.804514, -0.20899025000000004, 1.8907682, 0.8627757, 1.6033815, 3.1226876305897933], "gt_names_3d": "cyclist", "frame_idx": 62, "pts_info": {"timestamp": 1688028529175131788}, "ego_pose": [[-0.3373299689430459, -0.9413482296163179, 0.008485437590815952, 329385.9850299566], [0.9413479076302854, -0.3372208569059588, 0.012091752052294307, 3465366.819631004], [-0.008521082851789734, 0.012066659265709418, 0.9998908874878288, 13.471990174803853], [0, 0, 0, 1]]}, {"gt_labels_3d": 5, "gt_boxes_3d": [-31.594536, 4.8265805, -0.21341145000000006, 1.8907682, 0.8627757, 1.6033815, 3.1226876305897933], "gt_names_3d": "cyclist", "frame_idx": 63, "pts_info": {"timestamp": 1688028529275125715}, "ego_pose": [[-0.33732357272260616, -0.9413498383664082, 0.008560904928449376, 329385.95751564135], [0.9413468138163564, -0.3372087407699772, 0.012507648304949437, 3465366.891290901], [-0.008887260739434124, 0.012277905190363956, 0.9998851282225802, 13.472831377835245], [0, 0, 0, 1]]}, {"gt_labels_3d": 5, "gt_boxes_3d": [-32.35708, 4.848647, -0.21783262000000003, 1.8907682, 0.8627757, 1.6033815, 3.1226876305897933], "gt_names_3d": "cyclist", "frame_idx": 64, "pts_info": {"timestamp": 1688028529375121717}, "ego_pose": [[-0.33706354001680094, -0.9414346809615945, 0.009429288100533083, 329385.93079296686], [0.9414428394683378, -0.33694141887875073, 0.012484400577013544, 3465366.962364675], [-0.008576129962607357, 0.013085172017006853, 0.9998776066440079, 13.473640567028854], [0, 0, 0, 1]]}, {"gt_labels_3d": 5, "gt_boxes_3d": [-33.11962, 4.870713, -0.22225379, 1.8907682, 0.8627757, 1.6033815, 3.1226876305897933], "gt_names_3d": "cyclist", "frame_idx": 65, "pts_info": {"timestamp": 1688028529475107863}, "ego_pose": [[-0.33664899697481254, -0.9415789591452682, 0.00982428271000968, 329385.904460798], [0.9415871969434731, -0.33651557451089875, 0.013069761426015156, 3465367.0328791356], [-0.00900018821946793, 0.01365034089366634, 0.9998663234680429, 13.47476668392694], [0, 0, 0, 1]]}, {"gt_labels_3d": 5, "gt_boxes_3d": [-33.882164, 4.89278, -0.22667495000000004, 1.8907682, 0.8627757, 1.6033815, 3.1226876305897933], "gt_names_3d": "cyclist", "frame_idx": 66, "pts_info": {"timestamp": 1688028529575106914}, "ego_pose": [[-0.33641189325337323, -0.9416694404796755, 0.009257588475181032, 329385.8776672833], [0.9416632237208515, -0.33627413177931137, 0.013787000679035323, 3465367.102789007], [-0.009869709688458439, 0.013355641608139788, 0.9998620983255142, 13.476127679598532], [0, 0, 0, 1]]}, {"gt_labels_3d": 5, "gt_boxes_3d": [-34.64471, 4.9148464, -0.23109608000000004, 1.8907682, 0.8627757, 1.6033815, 3.1226876305897933], "gt_names_3d": "cyclist", "frame_idx": 67, "pts_info": {"timestamp": 1688028529675097783}, "ego_pose": [[-0.33634358909137907, -0.941701838034296, 0.008404660609347386, 329385.8510213259], [0.9416886426236414, -0.33621948126965573, 0.013377621926479484, 3465367.1721133552], [-0.009771920526371342, 0.012414050813188362, 0.999875192667382, 13.477491297898304], [0, 0, 0, 1]]}, {"gt_labels_3d": 5, "gt_boxes_3d": [-35.407253, 4.936913, -0.23551725, 1.8907682, 0.8627757, 1.6033815, 3.1226876305897933], "gt_names_3d": "cyclist", "frame_idx": 68, "pts_info": {"timestamp": 1688028529775089759}, "ego_pose": [[-0.33617325056997654, -0.9417677067748916, 0.007818700478838715, 329385.8245478963], [0.9417470882856568, -0.33605458718339326, 0.013406570720612077, 3465367.242200355], [-0.009998365201539497, 0.011870168868268464, 0.9998795586391072, 13.47914078987245], [0, 0, 0, 1]]}, {"gt_labels_3d": 5, "gt_boxes_3d": [-36.169796, 4.9589796, -0.23993845000000003, 1.8907682, 0.8627757, 1.6033815, 3.1226876305897933], "gt_names_3d": "cyclist", "frame_idx": 69, "pts_info": {"timestamp": 1688028529875090883}, "ego_pose": [[-0.3364526475017341, -0.9416672521146479, 0.007899511625579938, 329385.7986086326], [0.9416455450237702, -0.33633068720088877, 0.01361383060954749, 3465367.3125517378], [-0.010162850287264153, 0.012018949281313224, 0.9998761229933498, 13.480780170542044], [0, 0, 0, 1]]}, {"gt_labels_3d": 5, "gt_boxes_3d": [-36.942963, 4.976048, -0.24878075, 1.8907682, 0.8627757, 1.6033815, 3.1226876305897933], "gt_names_3d": "cyclist", "frame_idx": 70, "pts_info": {"timestamp": 1688028529975076887}, "ego_pose": [[-0.33626034382129544, -0.941733901113877, 0.008138836896203313, 329385.772681447], [0.9417147604682155, -0.33613558663528, 0.013644680782202602, 3465367.3831676845], [-0.01011390574784304, 0.012252627889353244, 0.9998737830448047, 13.482236099382657], [0, 0, 0, 1]]}, {"gt_labels_3d": 5, "gt_boxes_3d": [-37.716133, 4.993117, -0.25762304999999996, 1.8907682, 0.8627757, 1.6033815, 3.1226876305897933], "gt_names_3d": "cyclist", "frame_idx": 71, "pts_info": {"timestamp": 1688028530075125767}, "ego_pose": [[-0.33655322416008765, -0.9416246807570162, 0.008653779330266722, 329385.7467055136], [0.9416151624162442, -0.3364273796244798, 0.013323068221548084, 3465367.4538814276], [-0.009633961556889043, 0.01263245139525025, 0.9998737960145105, 13.483377632623165], [0, 0, 0, 1]]}, {"gt_labels_3d": 5, "gt_boxes_3d": [-38.4893, 5.0101852, -0.26646541999999995, 1.8907682, 0.8627757, 1.6033815, 3.1226876305897933], "gt_names_3d": "cyclist", "frame_idx": 72, "pts_info": {"timestamp": 1688028530175127677}, "ego_pose": [[-0.33637320812185934, -0.9416880254341773, 0.008759429872362934, 329385.7205837011], [0.9416792848205779, -0.336245637234605, 0.013378937943635785, 3465367.5244732043], [-0.009653465575304263, 0.012748889935006773, 0.999872130028541, 13.48426982487577], [0, 0, 0, 1]]}, {"gt_labels_3d": 5, "gt_boxes_3d": [-39.26247, 5.027254, -0.27530771, 1.8907682, 0.8627757, 1.6033815, 3.1226876305897933], "gt_names_3d": "cyclist", "frame_idx": 73, "pts_info": {"timestamp": 1688028530275116850}, "ego_pose": [[-0.33635546291309043, -0.9416982019757197, 0.008336603877940262, 329385.6940306106], [0.9416853451030324, -0.33623351451418965, 0.013256490320576323, 3465367.5956388954], [-0.009680567478402778, 0.012309350638165803, 0.9998773757317261, 13.48403640499702], [0, 0, 0, 1]]}, {"gt_labels_3d": 5, "gt_boxes_3d": [-40.035637, 5.0443225, -0.28415005000000004, 1.8907682, 0.8627757, 1.6033815, 3.1226876305897933], "gt_names_3d": "cyclist", "frame_idx": 74, "pts_info": {"timestamp": 1688028530375107767}, "ego_pose": [[-0.3362841333620554, -0.9417241050000026, 0.008288046264091783, 329385.66759347613], [0.9417109966588405, -0.3361631051398126, 0.013219890868422995, 3465367.667100792], [-0.009663354528583832, 0.012250583851541028, 0.9998782639774462, 13.48367860267859], [0, 0, 0, 1]]}, {"gt_labels_3d": 5, "gt_boxes_3d": [-40.79225, 5.0476527, -0.2917292, 1.8907682, 0.8627757, 1.6033815, 3.1226876305897933], "gt_names_3d": "cyclist", "frame_idx": 75, "pts_info": {"timestamp": 1688028530475102843}, "ego_pose": [[-0.33622875284687376, -0.9417407247892199, 0.008639041180050934, 329385.64158530196], [0.9417325860719837, -0.3361051712842032, 0.013154853332140302, 3465367.738413567], [-0.009484834695953388, 0.012558706521420805, 0.999876150731329, 13.482857626748338], [0, 0, 0, 1]]}, {"gt_labels_3d": 5, "gt_boxes_3d": [-41.548866, 5.0509825, -0.29930835, 1.8907682, 0.8627757, 1.6033815, 3.1226876305897933], "gt_names_3d": "cyclist", "frame_idx": 76, "pts_info": {"timestamp": 1688028530575093687}, "ego_pose": [[-0.33591449271311435, -0.9418514860692191, 0.008788161041688879, 329385.6156162755], [0.9418426933141237, -0.3357861774045794, 0.01341581584614735, 3465367.80965251], [-0.009684763088920302, 0.012783632239073658, 0.9998713837842783, 13.481494891982258], [0, 0, 0, 1]]}, {"gt_labels_3d": 5, "gt_boxes_3d": [-42.30548, 5.0543127, -0.30688747, 1.8907682, 0.8627757, 1.6033815, 3.1226876305897933], "gt_names_3d": "cyclist", "frame_idx": 77, "pts_info": {"timestamp": 1688028530675097584}, "ego_pose": [[-0.33588501613908883, -0.941857418403344, 0.009266031072286147, 329385.5904178449], [0.9418499370787711, -0.335745423837399, 0.013917844551530851, 3465367.8813227066], [-0.009997597609388672, 0.013402006224214912, 0.9998602073646131, 13.479773519233714], [0, 0, 0, 1]]}, {"gt_labels_3d": 5, "gt_boxes_3d": [-43.062096, 5.0576425, -0.31446659, 1.8907682, 0.8627757, 1.6033815, 3.1226876305897933], "gt_names_3d": "cyclist", "frame_idx": 78, "pts_info": {"timestamp": 1688028530775085706}, "ego_pose": [[-0.3358756260376935, -0.9418472303820221, 0.0105526515862916, 329385.56581970723], [0.9418505106551102, -0.33571265064444045, 0.01465031658333738, 3465367.9532250944], [-0.010255701462874906, 0.014859704539393047, 0.9998369915983836, 13.478332044242066], [0, 0, 0, 1]]}, {"gt_labels_3d": 5, "gt_boxes_3d": [-43.81909, 5.040976, -0.32204575, 1.8907682, 0.8627757, 1.6033815, 3.1226876305897933], "gt_names_3d": "cyclist", "frame_idx": 79, "pts_info": {"timestamp": 1688028530875075820}, "ego_pose": [[-0.33567564432192043, -0.9419066308401746, 